xof 0303txt 0032
template XSkinMeshHeader {
 <3cf169ce-ff7c-44ab-93c0-f78f62d172e2>
 WORD nMaxSkinWeightsPerVertex;
 WORD nMaxSkinWeightsPerFace;
 WORD nBones;
}

template VertexDuplicationIndices {
 <b8d65549-d7c9-4995-89cf-53a9a8b031e3>
 DWORD nIndices;
 DWORD nOriginalVertices;
 array DWORD indices[nIndices];
}

template SkinWeights {
 <6f0d123b-bad2-4167-a0d0-80224f25fabb>
 STRING transformNodeName;
 DWORD nWeights;
 array DWORD vertexIndices[nWeights];
 array FLOAT weights[nWeights];
 Matrix4x4 matrixOffset;
}

template AnimTicksPerSecond {
 <9e415a43-7ba6-4a73-8743-b73d47e88476>
 DWORD AnimTicksPerSecond;
}


AnimTicksPerSecond {
 1;
}

Material Material {
 1.000000;1.000000;1.000000;1.000000;;
 2.000000;
 0.000000;0.000000;0.000000;;
 0.000000;0.000000;0.000000;;

 TextureFilename {
  "flor.jpg";
 }
}

Material Material1 {
 1.000000;1.000000;1.000000;1.000000;;
 2.000000;
 0.000000;0.000000;0.000000;;
 0.000000;0.000000;0.000000;;

 TextureFilename {
  "flor.jpg";
 }
}

Frame XPORT_ROOT {
 

 FrameTransformMatrix {
  1.000000,0.000000,0.000000,0.000000,0.000000,1.000000,0.000000,0.000000,0.000000,0.000000,1.000000,0.000000,0.000000,0.000000,0.000000,1.000000;;
 }

 Frame Torus_0 {
  

  FrameTransformMatrix {
   1.000000,0.000000,0.000000,0.000000,0.000000,1.000000,0.000000,0.000000,0.000000,0.000000,1.000000,0.000000,0.000000,0.000000,161.489563,1.000000;;
  }
 }

 Frame Torus_1 {
  

  FrameTransformMatrix {
   0.273493,0.000000,0.961874,0.000000,0.000000,1.000000,0.000000,0.000000,-0.961874,0.000000,0.273493,0.000000,-1.259104,0.000000,-127.157372,1.000000;;
  }
 }

 Frame CameraBone {
  

  FrameTransformMatrix {
   1.000000,0.000000,0.000000,0.000000,0.000000,1.000000,0.000000,0.000000,0.000000,0.000000,1.000000,0.000000,0.000000,0.000000,0.000000,1.000000;;
  }
 }

 Mesh XPORT_ROOT {
  210;
  170.184235;70.333618;243.445969;,
  229.497375;0.000000;161.489563;,
  188.890244;70.333618;161.489563;,
  97.012703;70.333618;208.208420;,
  107.675980;70.333618;161.489563;,
  60.426945;0.000000;190.589645;,
  67.068848;0.000000;161.489563;,
  97.012703;-70.333618;208.208420;,
  107.675980;-70.333618;161.489563;,
  170.184235;-70.333618;243.445969;,
  188.890244;-70.333618;161.489563;,
  206.769989;0.000000;261.064758;,
  229.497375;0.000000;161.489563;,
  117.771133;70.333618;309.169922;,
  206.769989;0.000000;261.064758;,
  67.134872;70.333618;245.674042;,
  41.816742;0.000000;213.926102;,
  67.134872;-70.333618;245.674042;,
  117.771133;-70.333618;309.169922;,
  143.089264;0.000000;340.917847;,
  42.032028;70.333618;345.643921;,
  143.089264;0.000000;340.917847;,
  23.960155;70.333618;266.465881;,
  14.924220;0.000000;226.876862;,
  23.960155;-70.333618;266.465881;,
  42.032028;-70.333618;345.643921;,
  51.067963;0.000000;385.232971;,
  -42.032043;70.333618;345.643921;,
  51.067963;0.000000;385.232971;,
  -23.960165;70.333618;266.465881;,
  -14.924226;0.000000;226.876862;,
  -23.960165;-70.333618;266.465881;,
  -42.032043;-70.333618;345.643921;,
  -51.067982;0.000000;385.232971;,
  -117.771149;70.333618;309.169891;,
  -51.067982;0.000000;385.232971;,
  -67.134880;70.333618;245.674026;,
  -41.816746;0.000000;213.926102;,
  -67.134880;-70.333618;245.674026;,
  -117.771149;-70.333618;309.169891;,
  -143.089279;0.000000;340.917847;,
  -170.184235;70.333618;243.445953;,
  -143.089279;0.000000;340.917847;,
  -97.012711;70.333618;208.208405;,
  -60.426945;0.000000;190.589645;,
  -97.012711;-70.333618;208.208405;,
  -170.184235;-70.333618;243.445953;,
  -206.770004;0.000000;261.064728;,
  -188.890244;70.333618;161.489548;,
  -206.770004;0.000000;261.064728;,
  -107.675980;70.333618;161.489548;,
  -67.068848;0.000000;161.489563;,
  -107.675980;-70.333618;161.489548;,
  -188.890244;-70.333618;161.489548;,
  -229.497375;0.000000;161.489548;,
  -170.184219;70.333618;79.533142;,
  -229.497375;0.000000;161.489548;,
  -97.012703;70.333618;114.770699;,
  -60.426941;0.000000;132.389481;,
  -97.012703;-70.333618;114.770699;,
  -170.184219;-70.333618;79.533142;,
  -206.769974;0.000000;61.914360;,
  -117.771126;70.333618;13.809204;,
  -206.769974;0.000000;61.914360;,
  -67.134865;70.333618;77.305084;,
  -41.816738;0.000000;109.053024;,
  -67.134865;-70.333618;77.305084;,
  -117.771126;-70.333618;13.809204;,
  -143.089249;0.000000;-17.938721;,
  -42.032009;70.333618;-22.664810;,
  -143.089249;0.000000;-17.938721;,
  -23.960146;70.333618;56.513245;,
  -14.924214;0.000000;96.102272;,
  -23.960146;-70.333618;56.513245;,
  -42.032009;-70.333618;-22.664810;,
  -51.067944;0.000000;-62.253845;,
  42.032059;70.333618;-22.664795;,
  -51.067944;0.000000;-62.253845;,
  23.960175;70.333618;56.513245;,
  14.924232;0.000000;96.102272;,
  23.960175;-70.333618;56.513245;,
  42.032059;-70.333618;-22.664795;,
  51.068001;0.000000;-62.253830;,
  117.771164;70.333618;13.809235;,
  51.068001;0.000000;-62.253830;,
  67.134888;70.333618;77.305099;,
  41.816750;0.000000;109.053032;,
  67.134888;-70.333618;77.305099;,
  117.771164;-70.333618;13.809235;,
  143.089294;0.000000;-17.938690;,
  170.184235;70.333618;79.533188;,
  143.089294;0.000000;-17.938690;,
  97.012711;70.333618;114.770721;,
  60.426949;0.000000;132.389496;,
  97.012711;-70.333618;114.770721;,
  170.184235;-70.333618;79.533188;,
  206.770004;0.000000;61.914413;,
  188.890244;70.333618;161.489563;,
  206.770004;0.000000;61.914413;,
  107.675980;70.333618;161.489563;,
  67.068848;0.000000;161.489563;,
  107.675980;-70.333618;161.489563;,
  188.890244;-70.333618;161.489563;,
  229.497375;0.000000;161.489563;,
  229.497375;0.000000;161.489563;,
  -33.546646;70.333618;58.952923;,
  61.506821;0.000000;93.590187;,
  50.401054;70.333618;54.531242;,
  -19.664463;70.333618;-21.066093;,
  28.189522;70.333618;-23.586645;,
  -12.723371;0.000000;-61.075596;,
  17.083755;0.000000;-62.645592;,
  -19.664463;-70.333618;-21.066093;,
  28.189522;-70.333618;-23.586645;,
  -33.546646;-70.333618;58.952923;,
  50.401054;-70.333618;54.531242;,
  -40.487740;0.000000;98.962418;,
  61.506821;0.000000;93.590187;,
  -111.099411;70.333618;26.513159;,
  -40.487740;0.000000;98.962418;,
  -63.873043;70.333618;-39.558220;,
  -40.259861;0.000000;-72.593910;,
  -63.873043;-70.333618;-39.558220;,
  -111.099411;-70.333618;26.513159;,
  -134.712601;0.000000;59.548851;,
  -166.896942;70.333618;-36.362926;,
  -134.712601;0.000000;59.548851;,
  -95.680161;70.333618;-75.400436;,
  -60.071770;0.000000;-94.919189;,
  -95.680161;-70.333618;-75.400436;,
  -166.896942;-70.333618;-36.362926;,
  -202.505325;0.000000;-16.844175;,
  -189.887878;70.333618;-117.221970;,
  -202.505325;0.000000;-16.844175;,
  -108.786034;70.333618;-121.493744;,
  -68.235107;0.000000;-123.629631;,
  -108.786034;-70.333618;-121.493744;,
  -189.887878;-70.333618;-117.221970;,
  -230.438797;0.000000;-115.086082;,
  -175.518555;70.333618;-200.048843;,
  -230.438797;0.000000;-115.086082;,
  -100.594872;70.333618;-168.708801;,
  -63.133030;0.000000;-153.038788;,
  -100.594872;-70.333618;-168.708801;,
  -175.518555;-70.333618;-200.048843;,
  -212.980408;0.000000;-215.718857;,
  -126.635025;70.333618;-268.438660;,
  -212.980408;0.000000;-215.718857;,
  -72.729050;70.333618;-207.694092;,
  -45.776058;0.000000;-177.321808;,
  -72.729050;-70.333618;-207.694092;,
  -126.635025;-70.333618;-268.438660;,
  -153.588013;0.000000;-298.810944;,
  -52.919247;70.333618;-308.845978;,
  -153.588013;0.000000;-298.810944;,
  -30.707722;70.333618;-230.728104;,
  -19.601957;0.000000;-191.669159;,
  -30.707722;-70.333618;-230.728104;,
  -52.919247;-70.333618;-308.845978;,
  -64.025009;0.000000;-347.904938;,
  31.028456;70.333618;-313.267670;,
  -64.025009;0.000000;-347.904938;,
  17.146263;70.333618;-233.248657;,
  10.205170;0.000000;-193.239151;,
  17.146263;-70.333618;-233.248657;,
  31.028456;-70.333618;-313.267670;,
  37.969555;0.000000;-353.277161;,
  108.581215;70.333618;-280.827911;,
  37.969555;0.000000;-353.277161;,
  61.354843;70.333618;-214.756516;,
  37.741657;0.000000;-181.720825;,
  61.354843;-70.333618;-214.756516;,
  108.581215;-70.333618;-280.827911;,
  132.194397;0.000000;-313.863586;,
  164.378738;70.333618;-217.951797;,
  132.194397;0.000000;-313.863586;,
  93.161957;70.333618;-178.914307;,
  57.553562;0.000000;-159.395554;,
  93.161957;-70.333618;-178.914307;,
  164.378738;-70.333618;-217.951797;,
  199.987137;0.000000;-237.470551;,
  187.369659;70.333618;-137.092758;,
  199.987137;0.000000;-237.470551;,
  106.267830;70.333618;-132.820984;,
  65.716904;0.000000;-130.685104;,
  106.267830;-70.333618;-132.820984;,
  187.369659;-70.333618;-137.092758;,
  227.920593;0.000000;-139.228638;,
  173.000351;70.333618;-54.265884;,
  227.920593;0.000000;-139.228638;,
  98.076668;70.333618;-85.605927;,
  60.614819;0.000000;-101.275948;,
  98.076668;-70.333618;-85.605927;,
  173.000351;-70.333618;-54.265884;,
  210.462189;0.000000;-38.595867;,
  124.116798;70.333618;14.123926;,
  210.462189;0.000000;-38.595867;,
  70.210831;70.333618;-46.620644;,
  43.257847;0.000000;-76.992928;,
  70.210831;-70.333618;-46.620644;,
  124.116798;-70.333618;14.123926;,
  151.069794;0.000000;44.496216;,
  50.401054;70.333618;54.531242;,
  151.069794;0.000000;44.496216;,
  28.189522;70.333618;-23.586645;,
  17.083755;0.000000;-62.645592;,
  28.189522;-70.333618;-23.586645;,
  50.401054;-70.333618;54.531242;,
  61.506821;0.000000;93.590187;,
  61.506821;0.000000;93.590187;;
  336;
  3;0,2,1;,
  3;3,4,2;,
  3;5,6,4;,
  3;7,8,6;,
  3;9,10,8;,
  3;11,12,10;,
  3;13,0,14;,
  3;15,3,0;,
  3;16,5,3;,
  3;17,7,5;,
  3;18,9,7;,
  3;19,11,9;,
  3;20,13,21;,
  3;22,15,13;,
  3;23,16,15;,
  3;24,17,16;,
  3;25,18,17;,
  3;26,19,18;,
  3;27,20,28;,
  3;29,22,20;,
  3;30,23,22;,
  3;31,24,23;,
  3;32,25,24;,
  3;33,26,25;,
  3;34,27,35;,
  3;36,29,27;,
  3;37,30,29;,
  3;38,31,30;,
  3;39,32,31;,
  3;40,33,32;,
  3;41,34,42;,
  3;43,36,34;,
  3;44,37,36;,
  3;45,38,37;,
  3;46,39,38;,
  3;47,40,39;,
  3;48,41,49;,
  3;50,43,41;,
  3;51,44,43;,
  3;52,45,44;,
  3;53,46,45;,
  3;54,47,46;,
  3;55,48,56;,
  3;57,50,48;,
  3;58,51,50;,
  3;59,52,51;,
  3;60,53,52;,
  3;61,54,53;,
  3;62,55,63;,
  3;64,57,55;,
  3;65,58,57;,
  3;66,59,58;,
  3;67,60,59;,
  3;68,61,60;,
  3;69,62,70;,
  3;71,64,62;,
  3;72,65,64;,
  3;73,66,65;,
  3;74,67,66;,
  3;75,68,67;,
  3;76,69,77;,
  3;78,71,69;,
  3;79,72,71;,
  3;80,73,72;,
  3;81,74,73;,
  3;82,75,74;,
  3;83,76,84;,
  3;85,78,76;,
  3;86,79,78;,
  3;87,80,79;,
  3;88,81,80;,
  3;89,82,81;,
  3;90,83,91;,
  3;92,85,83;,
  3;93,86,85;,
  3;94,87,86;,
  3;95,88,87;,
  3;96,89,88;,
  3;97,90,98;,
  3;99,92,90;,
  3;100,93,92;,
  3;101,94,93;,
  3;102,95,94;,
  3;103,96,95;,
  3;14,0,1;,
  3;0,3,2;,
  3;3,5,4;,
  3;5,7,6;,
  3;7,9,8;,
  3;9,11,10;,
  3;21,13,14;,
  3;13,15,0;,
  3;15,16,3;,
  3;16,17,5;,
  3;17,18,7;,
  3;18,19,9;,
  3;28,20,21;,
  3;20,22,13;,
  3;22,23,15;,
  3;23,24,16;,
  3;24,25,17;,
  3;25,26,18;,
  3;35,27,28;,
  3;27,29,20;,
  3;29,30,22;,
  3;30,31,23;,
  3;31,32,24;,
  3;32,33,25;,
  3;42,34,35;,
  3;34,36,27;,
  3;36,37,29;,
  3;37,38,30;,
  3;38,39,31;,
  3;39,40,32;,
  3;49,41,42;,
  3;41,43,34;,
  3;43,44,36;,
  3;44,45,37;,
  3;45,46,38;,
  3;46,47,39;,
  3;56,48,49;,
  3;48,50,41;,
  3;50,51,43;,
  3;51,52,44;,
  3;52,53,45;,
  3;53,54,46;,
  3;63,55,56;,
  3;55,57,48;,
  3;57,58,50;,
  3;58,59,51;,
  3;59,60,52;,
  3;60,61,53;,
  3;70,62,63;,
  3;62,64,55;,
  3;64,65,57;,
  3;65,66,58;,
  3;66,67,59;,
  3;67,68,60;,
  3;77,69,70;,
  3;69,71,62;,
  3;71,72,64;,
  3;72,73,65;,
  3;73,74,66;,
  3;74,75,67;,
  3;84,76,77;,
  3;76,78,69;,
  3;78,79,71;,
  3;79,80,72;,
  3;80,81,73;,
  3;81,82,74;,
  3;91,83,84;,
  3;83,85,76;,
  3;85,86,78;,
  3;86,87,79;,
  3;87,88,80;,
  3;88,89,81;,
  3;98,90,91;,
  3;90,92,83;,
  3;92,93,85;,
  3;93,94,86;,
  3;94,95,87;,
  3;95,96,88;,
  3;104,97,98;,
  3;97,99,90;,
  3;99,100,92;,
  3;100,101,93;,
  3;101,102,94;,
  3;102,103,95;,
  3;105,107,106;,
  3;108,109,107;,
  3;110,111,109;,
  3;112,113,111;,
  3;114,115,113;,
  3;116,117,115;,
  3;118,105,119;,
  3;120,108,105;,
  3;121,110,108;,
  3;122,112,110;,
  3;123,114,112;,
  3;124,116,114;,
  3;125,118,126;,
  3;127,120,118;,
  3;128,121,120;,
  3;129,122,121;,
  3;130,123,122;,
  3;131,124,123;,
  3;132,125,133;,
  3;134,127,125;,
  3;135,128,127;,
  3;136,129,128;,
  3;137,130,129;,
  3;138,131,130;,
  3;139,132,140;,
  3;141,134,132;,
  3;142,135,134;,
  3;143,136,135;,
  3;144,137,136;,
  3;145,138,137;,
  3;146,139,147;,
  3;148,141,139;,
  3;149,142,141;,
  3;150,143,142;,
  3;151,144,143;,
  3;152,145,144;,
  3;153,146,154;,
  3;155,148,146;,
  3;156,149,148;,
  3;157,150,149;,
  3;158,151,150;,
  3;159,152,151;,
  3;160,153,161;,
  3;162,155,153;,
  3;163,156,155;,
  3;164,157,156;,
  3;165,158,157;,
  3;166,159,158;,
  3;167,160,168;,
  3;169,162,160;,
  3;170,163,162;,
  3;171,164,163;,
  3;172,165,164;,
  3;173,166,165;,
  3;174,167,175;,
  3;176,169,167;,
  3;177,170,169;,
  3;178,171,170;,
  3;179,172,171;,
  3;180,173,172;,
  3;181,174,182;,
  3;183,176,174;,
  3;184,177,176;,
  3;185,178,177;,
  3;186,179,178;,
  3;187,180,179;,
  3;188,181,189;,
  3;190,183,181;,
  3;191,184,183;,
  3;192,185,184;,
  3;193,186,185;,
  3;194,187,186;,
  3;195,188,196;,
  3;197,190,188;,
  3;198,191,190;,
  3;199,192,191;,
  3;200,193,192;,
  3;201,194,193;,
  3;202,195,203;,
  3;204,197,195;,
  3;205,198,197;,
  3;206,199,198;,
  3;207,200,199;,
  3;208,201,200;,
  3;119,105,106;,
  3;105,108,107;,
  3;108,110,109;,
  3;110,112,111;,
  3;112,114,113;,
  3;114,116,115;,
  3;126,118,119;,
  3;118,120,105;,
  3;120,121,108;,
  3;121,122,110;,
  3;122,123,112;,
  3;123,124,114;,
  3;133,125,126;,
  3;125,127,118;,
  3;127,128,120;,
  3;128,129,121;,
  3;129,130,122;,
  3;130,131,123;,
  3;140,132,133;,
  3;132,134,125;,
  3;134,135,127;,
  3;135,136,128;,
  3;136,137,129;,
  3;137,138,130;,
  3;147,139,140;,
  3;139,141,132;,
  3;141,142,134;,
  3;142,143,135;,
  3;143,144,136;,
  3;144,145,137;,
  3;154,146,147;,
  3;146,148,139;,
  3;148,149,141;,
  3;149,150,142;,
  3;150,151,143;,
  3;151,152,144;,
  3;161,153,154;,
  3;153,155,146;,
  3;155,156,148;,
  3;156,157,149;,
  3;157,158,150;,
  3;158,159,151;,
  3;168,160,161;,
  3;160,162,153;,
  3;162,163,155;,
  3;163,164,156;,
  3;164,165,157;,
  3;165,166,158;,
  3;175,167,168;,
  3;167,169,160;,
  3;169,170,162;,
  3;170,171,163;,
  3;171,172,164;,
  3;172,173,165;,
  3;182,174,175;,
  3;174,176,167;,
  3;176,177,169;,
  3;177,178,170;,
  3;178,179,171;,
  3;179,180,172;,
  3;189,181,182;,
  3;181,183,174;,
  3;183,184,176;,
  3;184,185,177;,
  3;185,186,178;,
  3;186,187,179;,
  3;196,188,189;,
  3;188,190,181;,
  3;190,191,183;,
  3;191,192,184;,
  3;192,193,185;,
  3;193,194,186;,
  3;203,195,196;,
  3;195,197,188;,
  3;197,198,190;,
  3;198,199,191;,
  3;199,200,192;,
  3;200,201,193;,
  3;209,202,203;,
  3;202,204,195;,
  3;204,205,197;,
  3;205,206,198;,
  3;206,207,199;,
  3;207,208,200;;

  MeshTextureCoords {
   210;
   0.071429;0.833333;,
   0.000000;1.000000;,
   0.000000;0.833333;,
   0.071429;0.666667;,
   0.000000;0.666667;,
   0.071429;0.500000;,
   0.000000;0.500000;,
   0.071429;0.333333;,
   0.000000;0.333333;,
   0.071429;0.166667;,
   0.000000;0.166667;,
   0.071429;0.000000;,
   0.000000;0.000000;,
   0.142857;0.833333;,
   0.071429;1.000000;,
   0.142857;0.666667;,
   0.142857;0.500000;,
   0.142857;0.333333;,
   0.142857;0.166667;,
   0.142857;0.000000;,
   0.214286;0.833333;,
   0.142857;1.000000;,
   0.214286;0.666667;,
   0.214286;0.500000;,
   0.214286;0.333333;,
   0.214286;0.166667;,
   0.214286;0.000000;,
   0.285714;0.833333;,
   0.214286;1.000000;,
   0.285714;0.666667;,
   0.285714;0.500000;,
   0.285714;0.333333;,
   0.285714;0.166667;,
   0.285714;0.000000;,
   0.357143;0.833333;,
   0.285714;1.000000;,
   0.357143;0.666667;,
   0.357143;0.500000;,
   0.357143;0.333333;,
   0.357143;0.166667;,
   0.357143;0.000000;,
   0.428571;0.833333;,
   0.357143;1.000000;,
   0.428571;0.666667;,
   0.428571;0.500000;,
   0.428571;0.333333;,
   0.428571;0.166667;,
   0.428571;0.000000;,
   0.500000;0.833333;,
   0.428571;1.000000;,
   0.500000;0.666667;,
   0.500000;0.500000;,
   0.500000;0.333333;,
   0.500000;0.166667;,
   0.500000;0.000000;,
   0.571429;0.833333;,
   0.500000;1.000000;,
   0.571429;0.666667;,
   0.571429;0.500000;,
   0.571429;0.333333;,
   0.571429;0.166667;,
   0.571429;0.000000;,
   0.642857;0.833333;,
   0.571429;1.000000;,
   0.642857;0.666667;,
   0.642857;0.500000;,
   0.642857;0.333333;,
   0.642857;0.166667;,
   0.642857;0.000000;,
   0.714286;0.833333;,
   0.642857;1.000000;,
   0.714286;0.666667;,
   0.714286;0.500000;,
   0.714286;0.333333;,
   0.714286;0.166667;,
   0.714286;0.000000;,
   0.785714;0.833333;,
   0.714286;1.000000;,
   0.785714;0.666667;,
   0.785714;0.500000;,
   0.785714;0.333333;,
   0.785714;0.166667;,
   0.785714;0.000000;,
   0.857143;0.833333;,
   0.785714;1.000000;,
   0.857143;0.666667;,
   0.857143;0.500000;,
   0.857143;0.333333;,
   0.857143;0.166667;,
   0.857143;0.000000;,
   0.928571;0.833333;,
   0.857143;1.000000;,
   0.928571;0.666667;,
   0.928571;0.500000;,
   0.928571;0.333333;,
   0.928571;0.166667;,
   0.928571;0.000000;,
   1.000000;0.833333;,
   0.928571;1.000000;,
   1.000000;0.666667;,
   1.000000;0.500000;,
   1.000000;0.333333;,
   1.000000;0.166667;,
   1.000000;0.000000;,
   1.000000;1.000000;,
   0.071429;0.833333;,
   0.000000;1.000000;,
   0.000000;0.833333;,
   0.071429;0.666667;,
   0.000000;0.666667;,
   0.071429;0.500000;,
   0.000000;0.500000;,
   0.071429;0.333333;,
   0.000000;0.333333;,
   0.071429;0.166667;,
   0.000000;0.166667;,
   0.071429;0.000000;,
   0.000000;0.000000;,
   0.142857;0.833333;,
   0.071429;1.000000;,
   0.142857;0.666667;,
   0.142857;0.500000;,
   0.142857;0.333333;,
   0.142857;0.166667;,
   0.142857;0.000000;,
   0.214286;0.833333;,
   0.142857;1.000000;,
   0.214286;0.666667;,
   0.214286;0.500000;,
   0.214286;0.333333;,
   0.214286;0.166667;,
   0.214286;0.000000;,
   0.285714;0.833333;,
   0.214286;1.000000;,
   0.285714;0.666667;,
   0.285714;0.500000;,
   0.285714;0.333333;,
   0.285714;0.166667;,
   0.285714;0.000000;,
   0.357143;0.833333;,
   0.285714;1.000000;,
   0.357143;0.666667;,
   0.357143;0.500000;,
   0.357143;0.333333;,
   0.357143;0.166667;,
   0.357143;0.000000;,
   0.428571;0.833333;,
   0.357143;1.000000;,
   0.428571;0.666667;,
   0.428571;0.500000;,
   0.428571;0.333333;,
   0.428571;0.166667;,
   0.428571;0.000000;,
   0.500000;0.833333;,
   0.428571;1.000000;,
   0.500000;0.666667;,
   0.500000;0.500000;,
   0.500000;0.333333;,
   0.500000;0.166667;,
   0.500000;0.000000;,
   0.571429;0.833333;,
   0.500000;1.000000;,
   0.571429;0.666667;,
   0.571429;0.500000;,
   0.571429;0.333333;,
   0.571429;0.166667;,
   0.571429;0.000000;,
   0.642857;0.833333;,
   0.571429;1.000000;,
   0.642857;0.666667;,
   0.642857;0.500000;,
   0.642857;0.333333;,
   0.642857;0.166667;,
   0.642857;0.000000;,
   0.714286;0.833333;,
   0.642857;1.000000;,
   0.714286;0.666667;,
   0.714286;0.500000;,
   0.714286;0.333333;,
   0.714286;0.166667;,
   0.714286;0.000000;,
   0.785714;0.833333;,
   0.714286;1.000000;,
   0.785714;0.666667;,
   0.785714;0.500000;,
   0.785714;0.333333;,
   0.785714;0.166667;,
   0.785714;0.000000;,
   0.857143;0.833333;,
   0.785714;1.000000;,
   0.857143;0.666667;,
   0.857143;0.500000;,
   0.857143;0.333333;,
   0.857143;0.166667;,
   0.857143;0.000000;,
   0.928571;0.833333;,
   0.857143;1.000000;,
   0.928571;0.666667;,
   0.928571;0.500000;,
   0.928571;0.333333;,
   0.928571;0.166667;,
   0.928571;0.000000;,
   1.000000;0.833333;,
   0.928571;1.000000;,
   1.000000;0.666667;,
   1.000000;0.500000;,
   1.000000;0.333333;,
   1.000000;0.166667;,
   1.000000;0.000000;,
   1.000000;1.000000;;
  }

  VertexDuplicationIndices {
   210;
   210;
   0,
   1,
   2,
   3,
   4,
   5,
   6,
   7,
   8,
   9,
   10,
   11,
   12,
   13,
   14,
   15,
   16,
   17,
   18,
   19,
   20,
   21,
   22,
   23,
   24,
   25,
   26,
   27,
   28,
   29,
   30,
   31,
   32,
   33,
   34,
   35,
   36,
   37,
   38,
   39,
   40,
   41,
   42,
   43,
   44,
   45,
   46,
   47,
   48,
   49,
   50,
   51,
   52,
   53,
   54,
   55,
   56,
   57,
   58,
   59,
   60,
   61,
   62,
   63,
   64,
   65,
   66,
   67,
   68,
   69,
   70,
   71,
   72,
   73,
   74,
   75,
   76,
   77,
   78,
   79,
   80,
   81,
   82,
   83,
   84,
   85,
   86,
   87,
   88,
   89,
   90,
   91,
   92,
   93,
   94,
   95,
   96,
   97,
   98,
   99,
   100,
   101,
   102,
   103,
   104,
   105,
   106,
   107,
   108,
   109,
   110,
   111,
   112,
   113,
   114,
   115,
   116,
   117,
   118,
   119,
   120,
   121,
   122,
   123,
   124,
   125,
   126,
   127,
   128,
   129,
   130,
   131,
   132,
   133,
   134,
   135,
   136,
   137,
   138,
   139,
   140,
   141,
   142,
   143,
   144,
   145,
   146,
   147,
   148,
   149,
   150,
   151,
   152,
   153,
   154,
   155,
   156,
   157,
   158,
   159,
   160,
   161,
   162,
   163,
   164,
   165,
   166,
   167,
   168,
   169,
   170,
   171,
   172,
   173,
   174,
   175,
   176,
   177,
   178,
   179,
   180,
   181,
   182,
   183,
   184,
   185,
   186,
   187,
   188,
   189,
   190,
   191,
   192,
   193,
   194,
   195,
   196,
   197,
   198,
   199,
   200,
   201,
   202,
   203,
   204,
   205,
   206,
   207,
   208,
   209;
  }

  MeshMaterialList {
   2;
   336;
   0,
   0,
   0,
   0,
   0,
   0,
   0,
   0,
   0,
   0,
   0,
   0,
   0,
   0,
   0,
   0,
   0,
   0,
   0,
   0,
   0,
   0,
   0,
   0,
   0,
   0,
   0,
   0,
   0,
   0,
   0,
   0,
   0,
   0,
   0,
   0,
   0,
   0,
   0,
   0,
   0,
   0,
   0,
   0,
   0,
   0,
   0,
   0,
   0,
   0,
   0,
   0,
   0,
   0,
   0,
   0,
   0,
   0,
   0,
   0,
   0,
   0,
   0,
   0,
   0,
   0,
   0,
   0,
   0,
   0,
   0,
   0,
   0,
   0,
   0,
   0,
   0,
   0,
   0,
   0,
   0,
   0,
   0,
   0,
   0,
   0,
   0,
   0,
   0,
   0,
   0,
   0,
   0,
   0,
   0,
   0,
   0,
   0,
   0,
   0,
   0,
   0,
   0,
   0,
   0,
   0,
   0,
   0,
   0,
   0,
   0,
   0,
   0,
   0,
   0,
   0,
   0,
   0,
   0,
   0,
   0,
   0,
   0,
   0,
   0,
   0,
   0,
   0,
   0,
   0,
   0,
   0,
   0,
   0,
   0,
   0,
   0,
   0,
   0,
   0,
   0,
   0,
   0,
   0,
   0,
   0,
   0,
   0,
   0,
   0,
   0,
   0,
   0,
   0,
   0,
   0,
   0,
   0,
   0,
   0,
   0,
   0,
   0,
   0,
   0,
   0,
   0,
   0,
   1,
   1,
   1,
   1,
   1,
   1,
   1,
   1,
   1,
   1,
   1,
   1,
   1,
   1,
   1,
   1,
   1,
   1,
   1,
   1,
   1,
   1,
   1,
   1,
   1,
   1,
   1,
   1,
   1,
   1,
   1,
   1,
   1,
   1,
   1,
   1,
   1,
   1,
   1,
   1,
   1,
   1,
   1,
   1,
   1,
   1,
   1,
   1,
   1,
   1,
   1,
   1,
   1,
   1,
   1,
   1,
   1,
   1,
   1,
   1,
   1,
   1,
   1,
   1,
   1,
   1,
   1,
   1,
   1,
   1,
   1,
   1,
   1,
   1,
   1,
   1,
   1,
   1,
   1,
   1,
   1,
   1,
   1,
   1,
   1,
   1,
   1,
   1,
   1,
   1,
   1,
   1,
   1,
   1,
   1,
   1,
   1,
   1,
   1,
   1,
   1,
   1,
   1,
   1,
   1,
   1,
   1,
   1,
   1,
   1,
   1,
   1,
   1,
   1,
   1,
   1,
   1,
   1,
   1,
   1,
   1,
   1,
   1,
   1,
   1,
   1,
   1,
   1,
   1,
   1,
   1,
   1,
   1,
   1,
   1,
   1,
   1,
   1,
   1,
   1,
   1,
   1,
   1,
   1,
   1,
   1,
   1,
   1,
   1,
   1,
   1,
   1,
   1,
   1,
   1,
   1,
   1,
   1,
   1,
   1,
   1,
   1,
   1,
   1,
   1,
   1,
   1,
   1;
   { Material }
   { Material1 }
  }

  XSkinMeshHeader {
   1;
   1;
   2;
  }

  SkinWeights {
   "Torus_0";
   105;
   0,
   1,
   2,
   3,
   4,
   5,
   6,
   7,
   8,
   9,
   10,
   11,
   12,
   13,
   14,
   15,
   16,
   17,
   18,
   19,
   20,
   21,
   22,
   23,
   24,
   25,
   26,
   27,
   28,
   29,
   30,
   31,
   32,
   33,
   34,
   35,
   36,
   37,
   38,
   39,
   40,
   41,
   42,
   43,
   44,
   45,
   46,
   47,
   48,
   49,
   50,
   51,
   52,
   53,
   54,
   55,
   56,
   57,
   58,
   59,
   60,
   61,
   62,
   63,
   64,
   65,
   66,
   67,
   68,
   69,
   70,
   71,
   72,
   73,
   74,
   75,
   76,
   77,
   78,
   79,
   80,
   81,
   82,
   83,
   84,
   85,
   86,
   87,
   88,
   89,
   90,
   91,
   92,
   93,
   94,
   95,
   96,
   97,
   98,
   99,
   100,
   101,
   102,
   103,
   104;
   1.000000,
   1.000000,
   1.000000,
   1.000000,
   1.000000,
   1.000000,
   1.000000,
   1.000000,
   1.000000,
   1.000000,
   1.000000,
   1.000000,
   1.000000,
   1.000000,
   1.000000,
   1.000000,
   1.000000,
   1.000000,
   1.000000,
   1.000000,
   1.000000,
   1.000000,
   1.000000,
   1.000000,
   1.000000,
   1.000000,
   1.000000,
   1.000000,
   1.000000,
   1.000000,
   1.000000,
   1.000000,
   1.000000,
   1.000000,
   1.000000,
   1.000000,
   1.000000,
   1.000000,
   1.000000,
   1.000000,
   1.000000,
   1.000000,
   1.000000,
   1.000000,
   1.000000,
   1.000000,
   1.000000,
   1.000000,
   1.000000,
   1.000000,
   1.000000,
   1.000000,
   1.000000,
   1.000000,
   1.000000,
   1.000000,
   1.000000,
   1.000000,
   1.000000,
   1.000000,
   1.000000,
   1.000000,
   1.000000,
   1.000000,
   1.000000,
   1.000000,
   1.000000,
   1.000000,
   1.000000,
   1.000000,
   1.000000,
   1.000000,
   1.000000,
   1.000000,
   1.000000,
   1.000000,
   1.000000,
   1.000000,
   1.000000,
   1.000000,
   1.000000,
   1.000000,
   1.000000,
   1.000000,
   1.000000,
   1.000000,
   1.000000,
   1.000000,
   1.000000,
   1.000000,
   1.000000,
   1.000000,
   1.000000,
   1.000000,
   1.000000,
   1.000000,
   1.000000,
   1.000000,
   1.000000,
   1.000000,
   1.000000,
   1.000000,
   1.000000,
   1.000000,
   1.000000;
   1.000000,0.000000,0.000000,0.000000,0.000000,1.000000,0.000000,0.000000,0.000000,0.000000,1.000000,0.000000,0.000000,0.000000,-161.489563,1.000000;;
  }

  SkinWeights {
   "Torus_1";
   105;
   105,
   106,
   107,
   108,
   109,
   110,
   111,
   112,
   113,
   114,
   115,
   116,
   117,
   118,
   119,
   120,
   121,
   122,
   123,
   124,
   125,
   126,
   127,
   128,
   129,
   130,
   131,
   132,
   133,
   134,
   135,
   136,
   137,
   138,
   139,
   140,
   141,
   142,
   143,
   144,
   145,
   146,
   147,
   148,
   149,
   150,
   151,
   152,
   153,
   154,
   155,
   156,
   157,
   158,
   159,
   160,
   161,
   162,
   163,
   164,
   165,
   166,
   167,
   168,
   169,
   170,
   171,
   172,
   173,
   174,
   175,
   176,
   177,
   178,
   179,
   180,
   181,
   182,
   183,
   184,
   185,
   186,
   187,
   188,
   189,
   190,
   191,
   192,
   193,
   194,
   195,
   196,
   197,
   198,
   199,
   200,
   201,
   202,
   203,
   204,
   205,
   206,
   207,
   208,
   209;
   1.000000,
   1.000000,
   1.000000,
   1.000000,
   1.000000,
   1.000000,
   1.000000,
   1.000000,
   1.000000,
   1.000000,
   1.000000,
   1.000000,
   1.000000,
   1.000000,
   1.000000,
   1.000000,
   1.000000,
   1.000000,
   1.000000,
   1.000000,
   1.000000,
   1.000000,
   1.000000,
   1.000000,
   1.000000,
   1.000000,
   1.000000,
   1.000000,
   1.000000,
   1.000000,
   1.000000,
   1.000000,
   1.000000,
   1.000000,
   1.000000,
   1.000000,
   1.000000,
   1.000000,
   1.000000,
   1.000000,
   1.000000,
   1.000000,
   1.000000,
   1.000000,
   1.000000,
   1.000000,
   1.000000,
   1.000000,
   1.000000,
   1.000000,
   1.000000,
   1.000000,
   1.000000,
   1.000000,
   1.000000,
   1.000000,
   1.000000,
   1.000000,
   1.000000,
   1.000000,
   1.000000,
   1.000000,
   1.000000,
   1.000000,
   1.000000,
   1.000000,
   1.000000,
   1.000000,
   1.000000,
   1.000000,
   1.000000,
   1.000000,
   1.000000,
   1.000000,
   1.000000,
   1.000000,
   1.000000,
   1.000000,
   1.000000,
   1.000000,
   1.000000,
   1.000000,
   1.000000,
   1.000000,
   1.000000,
   1.000000,
   1.000000,
   1.000000,
   1.000000,
   1.000000,
   1.000000,
   1.000000,
   1.000000,
   1.000000,
   1.000000,
   1.000000,
   1.000000,
   1.000000,
   1.000000,
   1.000000,
   1.000000,
   1.000000,
   1.000000,
   1.000000,
   1.000000;
   0.273493,0.000000,-0.961874,0.000000,0.000000,1.000000,0.000000,0.000000,0.961874,0.000000,0.273493,0.000000,122.653725,0.000000,33.565552,1.000000;;
  }
 }
}

AnimationSet Animation {
 

 Animation {
  

  AnimationKey {
   4;
   20;
   0;16;1.000000,0.000000,0.000000,0.000000,0.000000,1.000000,0.000000,0.000000,0.000000,0.000000,1.000000,0.000000,0.000000,0.000000,0.000000,1.000000;;,
   1;16;1.000000,0.000000,0.000000,0.000000,0.000000,1.000000,0.000000,0.000000,0.000000,0.000000,1.000000,0.000000,0.000000,0.000000,0.000000,1.000000;;,
   2;16;1.000000,0.000000,0.000000,0.000000,0.000000,1.000000,0.000000,0.000000,0.000000,0.000000,1.000000,0.000000,0.000000,0.000000,0.000000,1.000000;;,
   3;16;1.000000,0.000000,0.000000,0.000000,0.000000,1.000000,0.000000,0.000000,0.000000,0.000000,1.000000,0.000000,0.000000,0.000000,0.000000,1.000000;;,
   4;16;1.000000,0.000000,0.000000,0.000000,0.000000,1.000000,0.000000,0.000000,0.000000,0.000000,1.000000,0.000000,0.000000,0.000000,0.000000,1.000000;;,
   5;16;1.000000,0.000000,0.000000,0.000000,0.000000,1.000000,0.000000,0.000000,0.000000,0.000000,1.000000,0.000000,0.000000,0.000000,0.000000,1.000000;;,
   6;16;1.000000,0.000000,0.000000,0.000000,0.000000,1.000000,0.000000,0.000000,0.000000,0.000000,1.000000,0.000000,0.000000,0.000000,0.000000,1.000000;;,
   7;16;1.000000,0.000000,0.000000,0.000000,0.000000,1.000000,0.000000,0.000000,0.000000,0.000000,1.000000,0.000000,0.000000,0.000000,0.000000,1.000000;;,
   8;16;1.000000,0.000000,0.000000,0.000000,0.000000,1.000000,0.000000,0.000000,0.000000,0.000000,1.000000,0.000000,0.000000,0.000000,0.000000,1.000000;;,
   9;16;1.000000,0.000000,0.000000,0.000000,0.000000,1.000000,0.000000,0.000000,0.000000,0.000000,1.000000,0.000000,0.000000,0.000000,0.000000,1.000000;;,
   10;16;1.000000,0.000000,0.000000,0.000000,0.000000,1.000000,0.000000,0.000000,0.000000,0.000000,1.000000,0.000000,0.000000,0.000000,0.000000,1.000000;;,
   11;16;1.000000,0.000000,0.000000,0.000000,0.000000,1.000000,0.000000,0.000000,0.000000,0.000000,1.000000,0.000000,0.000000,0.000000,0.000000,1.000000;;,
   12;16;1.000000,0.000000,0.000000,0.000000,0.000000,1.000000,0.000000,0.000000,0.000000,0.000000,1.000000,0.000000,0.000000,0.000000,0.000000,1.000000;;,
   13;16;1.000000,0.000000,0.000000,0.000000,0.000000,1.000000,0.000000,0.000000,0.000000,0.000000,1.000000,0.000000,0.000000,0.000000,0.000000,1.000000;;,
   14;16;1.000000,0.000000,0.000000,0.000000,0.000000,1.000000,0.000000,0.000000,0.000000,0.000000,1.000000,0.000000,0.000000,0.000000,0.000000,1.000000;;,
   15;16;1.000000,0.000000,0.000000,0.000000,0.000000,1.000000,0.000000,0.000000,0.000000,0.000000,1.000000,0.000000,0.000000,0.000000,0.000000,1.000000;;,
   16;16;1.000000,0.000000,0.000000,0.000000,0.000000,1.000000,0.000000,0.000000,0.000000,0.000000,1.000000,0.000000,0.000000,0.000000,0.000000,1.000000;;,
   17;16;1.000000,0.000000,0.000000,0.000000,0.000000,1.000000,0.000000,0.000000,0.000000,0.000000,1.000000,0.000000,0.000000,0.000000,0.000000,1.000000;;,
   18;16;1.000000,0.000000,0.000000,0.000000,0.000000,1.000000,0.000000,0.000000,0.000000,0.000000,1.000000,0.000000,0.000000,0.000000,0.000000,1.000000;;,
   19;16;1.000000,0.000000,0.000000,0.000000,0.000000,1.000000,0.000000,0.000000,0.000000,0.000000,1.000000,0.000000,0.000000,0.000000,0.000000,1.000000;;;
  }
  { XPORT_ROOT }
 }

 Animation {
  

  AnimationKey {
   4;
   20;
   0;16;1.000000,0.000000,0.000000,0.000000,0.000000,1.000000,0.000000,0.000000,0.000000,0.000000,1.000000,0.000000,0.000000,0.000000,161.489563,1.000000;;,
   1;16;0.951327,0.000000,0.308183,0.000000,0.000000,1.000000,0.000000,0.000000,-0.308183,0.000000,0.951327,0.000000,0.000000,0.000000,161.489563,1.000000;;,
   2;16;0.810041,0.000000,0.586374,0.000000,0.000000,1.000000,0.000000,0.000000,-0.586374,0.000000,0.810041,0.000000,0.000000,0.000000,161.489563,1.000000;;,
   3;16;0.589902,0.000000,0.807475,0.000000,0.000000,1.000000,0.000000,0.000000,-0.807475,0.000000,0.589902,0.000000,0.000000,0.000000,161.489563,1.000000;;,
   4;16;0.312338,0.000000,0.949971,0.000000,0.000000,1.000000,0.000000,0.000000,-0.949971,0.000000,0.312338,0.000000,0.000000,0.000000,161.489563,1.000000;;,
   5;16;0.004362,0.000000,0.999990,0.000000,0.000000,1.000000,0.000000,0.000000,-0.999990,0.000000,0.004362,0.000000,0.000000,0.000000,161.489563,1.000000;;,
   6;16;-0.304029,0.000000,0.952663,0.000000,0.000000,1.000000,0.000000,0.000000,-0.952663,0.000000,-0.304029,0.000000,0.000000,0.000000,161.489563,1.000000;;,
   7;16;-0.582834,0.000000,0.812592,0.000000,0.000000,1.000000,0.000000,0.000000,-0.812592,0.000000,-0.582834,0.000000,0.000000,0.000000,161.489563,1.000000;;,
   8;16;-0.804891,0.000000,0.593423,0.000000,0.000000,1.000000,0.000000,0.000000,-0.593423,0.000000,-0.804891,0.000000,0.000000,0.000000,161.489563,1.000000;;,
   9;16;-0.948600,0.000000,0.316477,0.000000,0.000000,1.000000,0.000000,0.000000,-0.316477,0.000000,-0.948600,0.000000,0.000000,0.000000,161.489563,1.000000;;,
   10;16;-0.999962,0.000000,0.008719,0.000000,0.000000,1.000000,0.000000,0.000000,-0.008719,0.000000,-0.999962,0.000000,0.000000,0.000000,161.489563,1.000000;;,
   11;16;-0.953979,0.000000,-0.299874,0.000000,0.000000,1.000000,0.000000,0.000000,0.299874,0.000000,-0.953979,0.000000,0.000000,0.000000,161.489563,1.000000;;,
   12;16;-0.815125,0.000000,-0.579285,0.000000,0.000000,1.000000,0.000000,0.000000,0.579285,0.000000,-0.815125,0.000000,0.000000,0.000000,161.489563,1.000000;;,
   13;16;-0.596926,0.000000,-0.802296,0.000000,0.000000,1.000000,0.000000,0.000000,0.802296,0.000000,-0.596926,0.000000,0.000000,0.000000,161.489563,1.000000;;,
   14;16;-0.320609,0.000000,-0.947212,0.000000,0.000000,1.000000,0.000000,0.000000,0.947212,0.000000,-0.320609,0.000000,0.000000,0.000000,161.489563,1.000000;;,
   15;16;-0.013091,0.000000,-0.999914,0.000000,0.000000,1.000000,0.000000,0.000000,0.999914,0.000000,-0.013091,0.000000,0.000000,0.000000,161.489563,1.000000;;,
   16;16;0.295711,0.000000,-0.955278,0.000000,0.000000,1.000000,0.000000,0.000000,0.955278,0.000000,0.295711,0.000000,0.000000,0.000000,161.489563,1.000000;;,
   17;16;0.575720,0.000000,-0.817647,0.000000,0.000000,1.000000,0.000000,0.000000,0.817647,0.000000,0.575720,0.000000,0.000000,0.000000,161.489563,1.000000;;,
   18;16;0.799683,0.000000,-0.600422,0.000000,0.000000,1.000000,0.000000,0.000000,0.600422,0.000000,0.799683,0.000000,0.000000,0.000000,161.489563,1.000000;;,
   19;16;0.945803,0.000000,-0.324740,0.000000,0.000000,1.000000,0.000000,0.000000,0.324740,0.000000,0.945803,0.000000,0.000000,0.000000,161.489563,1.000000;;;
  }
  { Torus_0 }
 }

 Animation {
  

  AnimationKey {
   4;
   20;
   0;16;0.999848,0.000000,-0.017453,0.000000,0.000000,1.000000,0.000000,0.000000,0.017453,0.000000,0.999848,0.000000,-1.259106,0.000000,-127.157372,1.000000;;,
   1;16;0.028424,0.000000,0.999596,0.000000,0.000000,1.000000,0.000000,0.000000,-0.999596,0.000000,0.028424,0.000000,-1.259106,0.000000,-127.157372,1.000000;;,
   2;16;-0.218400,0.000000,0.975859,0.000000,0.000000,1.000000,0.000000,0.000000,-0.975859,0.000000,-0.218400,0.000000,-1.259106,0.000000,-127.157372,1.000000;;,
   3;16;-0.451789,0.000000,0.892125,0.000000,0.000000,1.000000,0.000000,0.000000,-0.892125,0.000000,-0.451789,0.000000,-1.259106,0.000000,-127.157372,1.000000;;,
   4;16;-0.657402,0.000000,0.753540,0.000000,0.000000,1.000000,0.000000,0.000000,-0.753540,0.000000,-0.657402,0.000000,-1.259106,0.000000,-127.157372,1.000000;;,
   5;16;-0.822600,0.000000,0.568621,0.000000,0.000000,1.000000,0.000000,0.000000,-0.568621,0.000000,-0.822600,0.000000,-1.259106,0.000000,-127.157372,1.000000;;,
   6;16;-0.937216,0.000000,0.348748,0.000000,0.000000,1.000000,0.000000,0.000000,-0.348748,0.000000,-0.937216,0.000000,-1.259106,0.000000,-127.157372,1.000000;;,
   7;16;-0.994213,0.000000,0.107425,0.000000,0.000000,1.000000,0.000000,0.000000,-0.107425,0.000000,-0.994213,0.000000,-1.259106,0.000000,-127.157372,1.000000;;,
   8;16;-0.990082,0.000000,-0.140494,0.000000,0.000000,1.000000,0.000000,0.000000,0.140494,0.000000,-0.990082,0.000000,-1.259106,0.000000,-127.157372,1.000000;;,
   9;16;-0.925076,0.000000,-0.379783,0.000000,0.000000,1.000000,0.000000,0.000000,0.379783,0.000000,-0.925076,0.000000,-1.259106,0.000000,-127.157372,1.000000;;,
   10;16;-0.803190,0.000000,-0.595723,0.000000,0.000000,1.000000,0.000000,0.000000,0.595723,0.000000,-0.803190,0.000000,-1.259106,0.000000,-127.157372,1.000000;;,
   11;16;-0.631928,0.000000,-0.775027,0.000000,0.000000,1.000000,0.000000,0.000000,0.775027,0.000000,-0.631928,0.000000,-1.259106,0.000000,-127.157372,1.000000;;,
   12;16;-0.421806,0.000000,-0.906686,0.000000,0.000000,1.000000,0.000000,0.000000,0.906686,0.000000,-0.421806,0.000000,-1.259106,0.000000,-127.157372,1.000000;;,
   13;16;-0.185759,0.000000,-0.982595,0.000000,0.000000,1.000000,0.000000,0.000000,0.982595,0.000000,-0.185759,0.000000,-1.259106,0.000000,-127.157372,1.000000;;,
   14;16;0.061720,0.000000,-0.998094,0.000000,0.000000,1.000000,0.000000,0.000000,0.998094,0.000000,0.061720,0.000000,-1.259106,0.000000,-127.157372,1.000000;;,
   15;16;0.305394,0.000000,-0.952226,0.000000,0.000000,1.000000,0.000000,0.000000,0.952226,0.000000,0.305394,0.000000,-1.259106,0.000000,-127.157372,1.000000;;,
   16;16;0.530299,0.000000,-0.847810,0.000000,0.000000,1.000000,0.000000,0.000000,0.847810,0.000000,0.530299,0.000000,-1.259106,0.000000,-127.157372,1.000000;;,
   17;16;0.722596,0.000000,-0.691271,0.000000,0.000000,1.000000,0.000000,0.000000,0.691271,0.000000,0.722596,0.000000,-1.259106,0.000000,-127.157372,1.000000;;,
   18;16;0.870465,0.000000,-0.492231,0.000000,0.000000,1.000000,0.000000,0.000000,0.492231,0.000000,0.870465,0.000000,-1.259106,0.000000,-127.157372,1.000000;;,
   19;16;0.964817,0.000000,-0.262921,0.000000,0.000000,1.000000,0.000000,0.000000,0.262921,0.000000,0.964817,0.000000,-1.259106,0.000000,-127.157372,1.000000;;;
  }
  { Torus_1 }
 }

 Animation {
  

  AnimationKey {
   4;
   20;
   0;16;1.000000,0.000000,0.000000,0.000000,0.000000,1.000000,0.000000,0.000000,0.000000,0.000000,1.000000,0.000000,0.000000,0.000000,0.000000,1.000000;;,
   1;16;1.000000,0.000000,0.000000,0.000000,0.000000,1.000000,0.000000,0.000000,0.000000,0.000000,1.000000,0.000000,0.000000,0.000000,0.000000,1.000000;;,
   2;16;1.000000,0.000000,0.000000,0.000000,0.000000,1.000000,0.000000,0.000000,0.000000,0.000000,1.000000,0.000000,0.000000,0.000000,0.000000,1.000000;;,
   3;16;1.000000,0.000000,0.000000,0.000000,0.000000,1.000000,0.000000,0.000000,0.000000,0.000000,1.000000,0.000000,0.000000,0.000000,0.000000,1.000000;;,
   4;16;1.000000,0.000000,0.000000,0.000000,0.000000,1.000000,0.000000,0.000000,0.000000,0.000000,1.000000,0.000000,0.000000,0.000000,0.000000,1.000000;;,
   5;16;1.000000,0.000000,0.000000,0.000000,0.000000,1.000000,0.000000,0.000000,0.000000,0.000000,1.000000,0.000000,0.000000,0.000000,0.000000,1.000000;;,
   6;16;1.000000,0.000000,0.000000,0.000000,0.000000,1.000000,0.000000,0.000000,0.000000,0.000000,1.000000,0.000000,0.000000,0.000000,0.000000,1.000000;;,
   7;16;1.000000,0.000000,0.000000,0.000000,0.000000,1.000000,0.000000,0.000000,0.000000,0.000000,1.000000,0.000000,0.000000,0.000000,0.000000,1.000000;;,
   8;16;1.000000,0.000000,0.000000,0.000000,0.000000,1.000000,0.000000,0.000000,0.000000,0.000000,1.000000,0.000000,0.000000,0.000000,0.000000,1.000000;;,
   9;16;1.000000,0.000000,0.000000,0.000000,0.000000,1.000000,0.000000,0.000000,0.000000,0.000000,1.000000,0.000000,0.000000,0.000000,0.000000,1.000000;;,
   10;16;1.000000,0.000000,0.000000,0.000000,0.000000,1.000000,0.000000,0.000000,0.000000,0.000000,1.000000,0.000000,0.000000,0.000000,0.000000,1.000000;;,
   11;16;1.000000,0.000000,0.000000,0.000000,0.000000,1.000000,0.000000,0.000000,0.000000,0.000000,1.000000,0.000000,0.000000,0.000000,0.000000,1.000000;;,
